1.9640330000E+01
1.0000000000E+01
6.0653070000E+00
3.6787940000E+00
2.2313020000E+00
1.3533530000E+00
8.2085000000E-01
4.9787070000E-01
3.0197380000E-01
1.8315640000E-01
1.1109000000E-01
6.7379470000E-02
4.0867710000E-02
2.4787520000E-02
1.5034390000E-02
9.1188200000E-03
5.5308440000E-03
3.3546260000E-03
2.0346840000E-03
1.2340980000E-03
7.4851830000E-04
4.5399930000E-04
3.0432480000E-04
1.4862540000E-04
9.1660880000E-05
6.7904050000E-05
4.0169000000E-05
2.2603290000E-05
1.3709590000E-05
8.3152870000E-06
4.0000000000E-06
5.4000000000E-07
1.0000000000E-07
1.0000100000E-11
